Number of matrices in reduced row-echelon form: 373
[[0 0 0 0 0]
 [0 0 0 0 0]
 [0 0 0 0 0]
 [0 0 0 0 0]]

[[0 0 0 0 1]
 [0 0 0 0 0]
 [0 0 0 0 0]
 [0 0 0 0 0]]

[[0 0 0 1 0]
 [0 0 0 0 0]
 [0 0 0 0 0]
 [0 0 0 0 0]]

[[0 0 0 1 0]
 [0 0 0 0 1]
 [0 0 0 0 0]
 [0 0 0 0 0]]

[[0 0 0 1 1]
 [0 0 0 0 0]
 [0 0 0 0 0]
 [0 0 0 0 0]]

[[0 0 1 0 0]
 [0 0 0 0 0]
 [0 0 0 0 0]
 [0 0 0 0 0]]

[[0 0 1 0 0]
 [0 0 0 0 1]
 [0 0 0 0 0]
 [0 0 0 0 0]]

[[0 0 1 0 0]
 [0 0 0 1 0]
 [0 0 0 0 0]
 [0 0 0 0 0]]

[[0 0 1 0 0]
 [0 0 0 1 0]
 [0 0 0 0 1]
 [0 0 0 0 0]]

[[0 0 1 0 0]
 [0 0 0 1 1]
 [0 0 0 0 0]
 [0 0 0 0 0]]

[[0 0 1 0 1]
 [0 0 0 0 0]
 [0 0 0 0 0]
 [0 0 0 0 0]]

[[0 0 1 0 1]
 [0 0 0 1 0]
 [0 0 0 0 0]
 [0 0 0 0 0]]

[[0 0 1 0 1]
 [0 0 0 1 1]
 [0 0 0 0 0]
 [0 0 0 0 0]]

[[0 0 1 1 0]
 [0 0 0 0 0]
 [0 0 0 0 0]
 [0 0 0 0 0]]

[[0 0 1 1 0]
 [0 0 0 0 1]
 [0 0 0 0 0]
 [0 0 0 0 0]]

[[0 0 1 1 1]
 [0 0 0 0 0]
 [0 0 0 0 0]
 [0 0 0 0 0]]

[[0 1 0 0 0]
 [0 0 0 0 0]
 [0 0 0 0 0]
 [0 0 0 0 0]]

[[0 1 0 0 0]
 [0 0 0 0 1]
 [0 0 0 0 0]
 [0 0 0 0 0]]

[[0 1 0 0 0]
 [0 0 0 1 0]
 [0 0 0 0 0]
 [0 0 0 0 0]]

[[0 1 0 0 0]
 [0 0 0 1 0]
 [0 0 0 0 1]
 [0 0 0 0 0]]

[[0 1 0 0 0]
 [0 0 0 1 1]
 [0 0 0 0 0]
 [0 0 0 0 0]]

[[0 1 0 0 0]
 [0 0 1 0 0]
 [0 0 0 0 0]
 [0 0 0 0 0]]

[[0 1 0 0 0]
 [0 0 1 0 0]
 [0 0 0 0 1]
 [0 0 0 0 0]]

[[0 1 0 0 0]
 [0 0 1 0 0]
 [0 0 0 1 0]
 [0 0 0 0 0]]

[[0 1 0 0 0]
 [0 0 1 0 0]
 [0 0 0 1 0]
 [0 0 0 0 1]]

[[0 1 0 0 0]
 [0 0 1 0 0]
 [0 0 0 1 1]
 [0 0 0 0 0]]

[[0 1 0 0 0]
 [0 0 1 0 1]
 [0 0 0 0 0]
 [0 0 0 0 0]]

[[0 1 0 0 0]
 [0 0 1 0 1]
 [0 0 0 1 0]
 [0 0 0 0 0]]

[[0 1 0 0 0]
 [0 0 1 0 1]
 [0 0 0 1 1]
 [0 0 0 0 0]]

[[0 1 0 0 0]
 [0 0 1 1 0]
 [0 0 0 0 0]
 [0 0 0 0 0]]

[[0 1 0 0 0]
 [0 0 1 1 0]
 [0 0 0 0 1]
 [0 0 0 0 0]]

[[0 1 0 0 0]
 [0 0 1 1 1]
 [0 0 0 0 0]
 [0 0 0 0 0]]

[[0 1 0 0 1]
 [0 0 0 0 0]
 [0 0 0 0 0]
 [0 0 0 0 0]]

[[0 1 0 0 1]
 [0 0 0 1 0]
 [0 0 0 0 0]
 [0 0 0 0 0]]

[[0 1 0 0 1]
 [0 0 0 1 1]
 [0 0 0 0 0]
 [0 0 0 0 0]]

[[0 1 0 0 1]
 [0 0 1 0 0]
 [0 0 0 0 0]
 [0 0 0 0 0]]

[[0 1 0 0 1]
 [0 0 1 0 0]
 [0 0 0 1 0]
 [0 0 0 0 0]]

[[0 1 0 0 1]
 [0 0 1 0 0]
 [0 0 0 1 1]
 [0 0 0 0 0]]

[[0 1 0 0 1]
 [0 0 1 0 1]
 [0 0 0 0 0]
 [0 0 0 0 0]]

[[0 1 0 0 1]
 [0 0 1 0 1]
 [0 0 0 1 0]
 [0 0 0 0 0]]

[[0 1 0 0 1]
 [0 0 1 0 1]
 [0 0 0 1 1]
 [0 0 0 0 0]]

[[0 1 0 0 1]
 [0 0 1 1 0]
 [0 0 0 0 0]
 [0 0 0 0 0]]

[[0 1 0 0 1]
 [0 0 1 1 1]
 [0 0 0 0 0]
 [0 0 0 0 0]]

[[0 1 0 1 0]
 [0 0 0 0 0]
 [0 0 0 0 0]
 [0 0 0 0 0]]

[[0 1 0 1 0]
 [0 0 0 0 1]
 [0 0 0 0 0]
 [0 0 0 0 0]]

[[0 1 0 1 0]
 [0 0 1 0 0]
 [0 0 0 0 0]
 [0 0 0 0 0]]

[[0 1 0 1 0]
 [0 0 1 0 0]
 [0 0 0 0 1]
 [0 0 0 0 0]]

[[0 1 0 1 0]
 [0 0 1 0 1]
 [0 0 0 0 0]
 [0 0 0 0 0]]

[[0 1 0 1 0]
 [0 0 1 1 0]
 [0 0 0 0 0]
 [0 0 0 0 0]]

[[0 1 0 1 0]
 [0 0 1 1 0]
 [0 0 0 0 1]
 [0 0 0 0 0]]

[[0 1 0 1 0]
 [0 0 1 1 1]
 [0 0 0 0 0]
 [0 0 0 0 0]]

[[0 1 0 1 1]
 [0 0 0 0 0]
 [0 0 0 0 0]
 [0 0 0 0 0]]

[[0 1 0 1 1]
 [0 0 1 0 0]
 [0 0 0 0 0]
 [0 0 0 0 0]]

[[0 1 0 1 1]
 [0 0 1 0 1]
 [0 0 0 0 0]
 [0 0 0 0 0]]

[[0 1 0 1 1]
 [0 0 1 1 0]
 [0 0 0 0 0]
 [0 0 0 0 0]]

[[0 1 0 1 1]
 [0 0 1 1 1]
 [0 0 0 0 0]
 [0 0 0 0 0]]

[[0 1 1 0 0]
 [0 0 0 0 0]
 [0 0 0 0 0]
 [0 0 0 0 0]]

[[0 1 1 0 0]
 [0 0 0 0 1]
 [0 0 0 0 0]
 [0 0 0 0 0]]

[[0 1 1 0 0]
 [0 0 0 1 0]
 [0 0 0 0 0]
 [0 0 0 0 0]]

[[0 1 1 0 0]
 [0 0 0 1 0]
 [0 0 0 0 1]
 [0 0 0 0 0]]

[[0 1 1 0 0]
 [0 0 0 1 1]
 [0 0 0 0 0]
 [0 0 0 0 0]]

[[0 1 1 0 1]
 [0 0 0 0 0]
 [0 0 0 0 0]
 [0 0 0 0 0]]

[[0 1 1 0 1]
 [0 0 0 1 0]
 [0 0 0 0 0]
 [0 0 0 0 0]]

[[0 1 1 0 1]
 [0 0 0 1 1]
 [0 0 0 0 0]
 [0 0 0 0 0]]

[[0 1 1 1 0]
 [0 0 0 0 0]
 [0 0 0 0 0]
 [0 0 0 0 0]]

[[0 1 1 1 0]
 [0 0 0 0 1]
 [0 0 0 0 0]
 [0 0 0 0 0]]

[[0 1 1 1 1]
 [0 0 0 0 0]
 [0 0 0 0 0]
 [0 0 0 0 0]]

[[1 0 0 0 0]
 [0 0 0 0 0]
 [0 0 0 0 0]
 [0 0 0 0 0]]

[[1 0 0 0 0]
 [0 0 0 0 1]
 [0 0 0 0 0]
 [0 0 0 0 0]]

[[1 0 0 0 0]
 [0 0 0 1 0]
 [0 0 0 0 0]
 [0 0 0 0 0]]

[[1 0 0 0 0]
 [0 0 0 1 0]
 [0 0 0 0 1]
 [0 0 0 0 0]]

[[1 0 0 0 0]
 [0 0 0 1 1]
 [0 0 0 0 0]
 [0 0 0 0 0]]

[[1 0 0 0 0]
 [0 0 1 0 0]
 [0 0 0 0 0]
 [0 0 0 0 0]]

[[1 0 0 0 0]
 [0 0 1 0 0]
 [0 0 0 0 1]
 [0 0 0 0 0]]

[[1 0 0 0 0]
 [0 0 1 0 0]
 [0 0 0 1 0]
 [0 0 0 0 0]]

[[1 0 0 0 0]
 [0 0 1 0 0]
 [0 0 0 1 0]
 [0 0 0 0 1]]

[[1 0 0 0 0]
 [0 0 1 0 0]
 [0 0 0 1 1]
 [0 0 0 0 0]]

[[1 0 0 0 0]
 [0 0 1 0 1]
 [0 0 0 0 0]
 [0 0 0 0 0]]

[[1 0 0 0 0]
 [0 0 1 0 1]
 [0 0 0 1 0]
 [0 0 0 0 0]]

[[1 0 0 0 0]
 [0 0 1 0 1]
 [0 0 0 1 1]
 [0 0 0 0 0]]

[[1 0 0 0 0]
 [0 0 1 1 0]
 [0 0 0 0 0]
 [0 0 0 0 0]]

[[1 0 0 0 0]
 [0 0 1 1 0]
 [0 0 0 0 1]
 [0 0 0 0 0]]

[[1 0 0 0 0]
 [0 0 1 1 1]
 [0 0 0 0 0]
 [0 0 0 0 0]]

[[1 0 0 0 0]
 [0 1 0 0 0]
 [0 0 0 0 0]
 [0 0 0 0 0]]

[[1 0 0 0 0]
 [0 1 0 0 0]
 [0 0 0 0 1]
 [0 0 0 0 0]]

[[1 0 0 0 0]
 [0 1 0 0 0]
 [0 0 0 1 0]
 [0 0 0 0 0]]

[[1 0 0 0 0]
 [0 1 0 0 0]
 [0 0 0 1 0]
 [0 0 0 0 1]]

[[1 0 0 0 0]
 [0 1 0 0 0]
 [0 0 0 1 1]
 [0 0 0 0 0]]

[[1 0 0 0 0]
 [0 1 0 0 0]
 [0 0 1 0 0]
 [0 0 0 0 0]]

[[1 0 0 0 0]
 [0 1 0 0 0]
 [0 0 1 0 0]
 [0 0 0 0 1]]

[[1 0 0 0 0]
 [0 1 0 0 0]
 [0 0 1 0 0]
 [0 0 0 1 0]]

[[1 0 0 0 0]
 [0 1 0 0 0]
 [0 0 1 0 0]
 [0 0 0 1 1]]

[[1 0 0 0 0]
 [0 1 0 0 0]
 [0 0 1 0 1]
 [0 0 0 0 0]]

[[1 0 0 0 0]
 [0 1 0 0 0]
 [0 0 1 0 1]
 [0 0 0 1 0]]

[[1 0 0 0 0]
 [0 1 0 0 0]
 [0 0 1 0 1]
 [0 0 0 1 1]]

[[1 0 0 0 0]
 [0 1 0 0 0]
 [0 0 1 1 0]
 [0 0 0 0 0]]

[[1 0 0 0 0]
 [0 1 0 0 0]
 [0 0 1 1 0]
 [0 0 0 0 1]]

[[1 0 0 0 0]
 [0 1 0 0 0]
 [0 0 1 1 1]
 [0 0 0 0 0]]

[[1 0 0 0 0]
 [0 1 0 0 1]
 [0 0 0 0 0]
 [0 0 0 0 0]]

[[1 0 0 0 0]
 [0 1 0 0 1]
 [0 0 0 1 0]
 [0 0 0 0 0]]

[[1 0 0 0 0]
 [0 1 0 0 1]
 [0 0 0 1 1]
 [0 0 0 0 0]]

[[1 0 0 0 0]
 [0 1 0 0 1]
 [0 0 1 0 0]
 [0 0 0 0 0]]

[[1 0 0 0 0]
 [0 1 0 0 1]
 [0 0 1 0 0]
 [0 0 0 1 0]]

[[1 0 0 0 0]
 [0 1 0 0 1]
 [0 0 1 0 0]
 [0 0 0 1 1]]

[[1 0 0 0 0]
 [0 1 0 0 1]
 [0 0 1 0 1]
 [0 0 0 0 0]]

[[1 0 0 0 0]
 [0 1 0 0 1]
 [0 0 1 0 1]
 [0 0 0 1 0]]

[[1 0 0 0 0]
 [0 1 0 0 1]
 [0 0 1 0 1]
 [0 0 0 1 1]]

[[1 0 0 0 0]
 [0 1 0 0 1]
 [0 0 1 1 0]
 [0 0 0 0 0]]

[[1 0 0 0 0]
 [0 1 0 0 1]
 [0 0 1 1 1]
 [0 0 0 0 0]]

[[1 0 0 0 0]
 [0 1 0 1 0]
 [0 0 0 0 0]
 [0 0 0 0 0]]

[[1 0 0 0 0]
 [0 1 0 1 0]
 [0 0 0 0 1]
 [0 0 0 0 0]]

[[1 0 0 0 0]
 [0 1 0 1 0]
 [0 0 1 0 0]
 [0 0 0 0 0]]

[[1 0 0 0 0]
 [0 1 0 1 0]
 [0 0 1 0 0]
 [0 0 0 0 1]]

[[1 0 0 0 0]
 [0 1 0 1 0]
 [0 0 1 0 1]
 [0 0 0 0 0]]

[[1 0 0 0 0]
 [0 1 0 1 0]
 [0 0 1 1 0]
 [0 0 0 0 0]]

[[1 0 0 0 0]
 [0 1 0 1 0]
 [0 0 1 1 0]
 [0 0 0 0 1]]

[[1 0 0 0 0]
 [0 1 0 1 0]
 [0 0 1 1 1]
 [0 0 0 0 0]]

[[1 0 0 0 0]
 [0 1 0 1 1]
 [0 0 0 0 0]
 [0 0 0 0 0]]

[[1 0 0 0 0]
 [0 1 0 1 1]
 [0 0 1 0 0]
 [0 0 0 0 0]]

[[1 0 0 0 0]
 [0 1 0 1 1]
 [0 0 1 0 1]
 [0 0 0 0 0]]

[[1 0 0 0 0]
 [0 1 0 1 1]
 [0 0 1 1 0]
 [0 0 0 0 0]]

[[1 0 0 0 0]
 [0 1 0 1 1]
 [0 0 1 1 1]
 [0 0 0 0 0]]

[[1 0 0 0 0]
 [0 1 1 0 0]
 [0 0 0 0 0]
 [0 0 0 0 0]]

[[1 0 0 0 0]
 [0 1 1 0 0]
 [0 0 0 0 1]
 [0 0 0 0 0]]

[[1 0 0 0 0]
 [0 1 1 0 0]
 [0 0 0 1 0]
 [0 0 0 0 0]]

[[1 0 0 0 0]
 [0 1 1 0 0]
 [0 0 0 1 0]
 [0 0 0 0 1]]

[[1 0 0 0 0]
 [0 1 1 0 0]
 [0 0 0 1 1]
 [0 0 0 0 0]]

[[1 0 0 0 0]
 [0 1 1 0 1]
 [0 0 0 0 0]
 [0 0 0 0 0]]

[[1 0 0 0 0]
 [0 1 1 0 1]
 [0 0 0 1 0]
 [0 0 0 0 0]]

[[1 0 0 0 0]
 [0 1 1 0 1]
 [0 0 0 1 1]
 [0 0 0 0 0]]

[[1 0 0 0 0]
 [0 1 1 1 0]
 [0 0 0 0 0]
 [0 0 0 0 0]]

[[1 0 0 0 0]
 [0 1 1 1 0]
 [0 0 0 0 1]
 [0 0 0 0 0]]

[[1 0 0 0 0]
 [0 1 1 1 1]
 [0 0 0 0 0]
 [0 0 0 0 0]]

[[1 0 0 0 1]
 [0 0 0 0 0]
 [0 0 0 0 0]
 [0 0 0 0 0]]

[[1 0 0 0 1]
 [0 0 0 1 0]
 [0 0 0 0 0]
 [0 0 0 0 0]]

[[1 0 0 0 1]
 [0 0 0 1 1]
 [0 0 0 0 0]
 [0 0 0 0 0]]

[[1 0 0 0 1]
 [0 0 1 0 0]
 [0 0 0 0 0]
 [0 0 0 0 0]]

[[1 0 0 0 1]
 [0 0 1 0 0]
 [0 0 0 1 0]
 [0 0 0 0 0]]

[[1 0 0 0 1]
 [0 0 1 0 0]
 [0 0 0 1 1]
 [0 0 0 0 0]]

[[1 0 0 0 1]
 [0 0 1 0 1]
 [0 0 0 0 0]
 [0 0 0 0 0]]

[[1 0 0 0 1]
 [0 0 1 0 1]
 [0 0 0 1 0]
 [0 0 0 0 0]]

[[1 0 0 0 1]
 [0 0 1 0 1]
 [0 0 0 1 1]
 [0 0 0 0 0]]

[[1 0 0 0 1]
 [0 0 1 1 0]
 [0 0 0 0 0]
 [0 0 0 0 0]]

[[1 0 0 0 1]
 [0 0 1 1 1]
 [0 0 0 0 0]
 [0 0 0 0 0]]

[[1 0 0 0 1]
 [0 1 0 0 0]
 [0 0 0 0 0]
 [0 0 0 0 0]]

[[1 0 0 0 1]
 [0 1 0 0 0]
 [0 0 0 1 0]
 [0 0 0 0 0]]

[[1 0 0 0 1]
 [0 1 0 0 0]
 [0 0 0 1 1]
 [0 0 0 0 0]]

[[1 0 0 0 1]
 [0 1 0 0 0]
 [0 0 1 0 0]
 [0 0 0 0 0]]

[[1 0 0 0 1]
 [0 1 0 0 0]
 [0 0 1 0 0]
 [0 0 0 1 0]]

[[1 0 0 0 1]
 [0 1 0 0 0]
 [0 0 1 0 0]
 [0 0 0 1 1]]

[[1 0 0 0 1]
 [0 1 0 0 0]
 [0 0 1 0 1]
 [0 0 0 0 0]]

[[1 0 0 0 1]
 [0 1 0 0 0]
 [0 0 1 0 1]
 [0 0 0 1 0]]

[[1 0 0 0 1]
 [0 1 0 0 0]
 [0 0 1 0 1]
 [0 0 0 1 1]]

[[1 0 0 0 1]
 [0 1 0 0 0]
 [0 0 1 1 0]
 [0 0 0 0 0]]

[[1 0 0 0 1]
 [0 1 0 0 0]
 [0 0 1 1 1]
 [0 0 0 0 0]]

[[1 0 0 0 1]
 [0 1 0 0 1]
 [0 0 0 0 0]
 [0 0 0 0 0]]

[[1 0 0 0 1]
 [0 1 0 0 1]
 [0 0 0 1 0]
 [0 0 0 0 0]]

[[1 0 0 0 1]
 [0 1 0 0 1]
 [0 0 0 1 1]
 [0 0 0 0 0]]

[[1 0 0 0 1]
 [0 1 0 0 1]
 [0 0 1 0 0]
 [0 0 0 0 0]]

[[1 0 0 0 1]
 [0 1 0 0 1]
 [0 0 1 0 0]
 [0 0 0 1 0]]

[[1 0 0 0 1]
 [0 1 0 0 1]
 [0 0 1 0 0]
 [0 0 0 1 1]]

[[1 0 0 0 1]
 [0 1 0 0 1]
 [0 0 1 0 1]
 [0 0 0 0 0]]

[[1 0 0 0 1]
 [0 1 0 0 1]
 [0 0 1 0 1]
 [0 0 0 1 0]]

[[1 0 0 0 1]
 [0 1 0 0 1]
 [0 0 1 0 1]
 [0 0 0 1 1]]

[[1 0 0 0 1]
 [0 1 0 0 1]
 [0 0 1 1 0]
 [0 0 0 0 0]]

[[1 0 0 0 1]
 [0 1 0 0 1]
 [0 0 1 1 1]
 [0 0 0 0 0]]

[[1 0 0 0 1]
 [0 1 0 1 0]
 [0 0 0 0 0]
 [0 0 0 0 0]]

[[1 0 0 0 1]
 [0 1 0 1 0]
 [0 0 1 0 0]
 [0 0 0 0 0]]

[[1 0 0 0 1]
 [0 1 0 1 0]
 [0 0 1 0 1]
 [0 0 0 0 0]]

[[1 0 0 0 1]
 [0 1 0 1 0]
 [0 0 1 1 0]
 [0 0 0 0 0]]

[[1 0 0 0 1]
 [0 1 0 1 0]
 [0 0 1 1 1]
 [0 0 0 0 0]]

[[1 0 0 0 1]
 [0 1 0 1 1]
 [0 0 0 0 0]
 [0 0 0 0 0]]

[[1 0 0 0 1]
 [0 1 0 1 1]
 [0 0 1 0 0]
 [0 0 0 0 0]]

[[1 0 0 0 1]
 [0 1 0 1 1]
 [0 0 1 0 1]
 [0 0 0 0 0]]

[[1 0 0 0 1]
 [0 1 0 1 1]
 [0 0 1 1 0]
 [0 0 0 0 0]]

[[1 0 0 0 1]
 [0 1 0 1 1]
 [0 0 1 1 1]
 [0 0 0 0 0]]

[[1 0 0 0 1]
 [0 1 1 0 0]
 [0 0 0 0 0]
 [0 0 0 0 0]]

[[1 0 0 0 1]
 [0 1 1 0 0]
 [0 0 0 1 0]
 [0 0 0 0 0]]

[[1 0 0 0 1]
 [0 1 1 0 0]
 [0 0 0 1 1]
 [0 0 0 0 0]]

[[1 0 0 0 1]
 [0 1 1 0 1]
 [0 0 0 0 0]
 [0 0 0 0 0]]

[[1 0 0 0 1]
 [0 1 1 0 1]
 [0 0 0 1 0]
 [0 0 0 0 0]]

[[1 0 0 0 1]
 [0 1 1 0 1]
 [0 0 0 1 1]
 [0 0 0 0 0]]

[[1 0 0 0 1]
 [0 1 1 1 0]
 [0 0 0 0 0]
 [0 0 0 0 0]]

[[1 0 0 0 1]
 [0 1 1 1 1]
 [0 0 0 0 0]
 [0 0 0 0 0]]

[[1 0 0 1 0]
 [0 0 0 0 0]
 [0 0 0 0 0]
 [0 0 0 0 0]]

[[1 0 0 1 0]
 [0 0 0 0 1]
 [0 0 0 0 0]
 [0 0 0 0 0]]

[[1 0 0 1 0]
 [0 0 1 0 0]
 [0 0 0 0 0]
 [0 0 0 0 0]]

[[1 0 0 1 0]
 [0 0 1 0 0]
 [0 0 0 0 1]
 [0 0 0 0 0]]

[[1 0 0 1 0]
 [0 0 1 0 1]
 [0 0 0 0 0]
 [0 0 0 0 0]]

[[1 0 0 1 0]
 [0 0 1 1 0]
 [0 0 0 0 0]
 [0 0 0 0 0]]

[[1 0 0 1 0]
 [0 0 1 1 0]
 [0 0 0 0 1]
 [0 0 0 0 0]]

[[1 0 0 1 0]
 [0 0 1 1 1]
 [0 0 0 0 0]
 [0 0 0 0 0]]

[[1 0 0 1 0]
 [0 1 0 0 0]
 [0 0 0 0 0]
 [0 0 0 0 0]]

[[1 0 0 1 0]
 [0 1 0 0 0]
 [0 0 0 0 1]
 [0 0 0 0 0]]

[[1 0 0 1 0]
 [0 1 0 0 0]
 [0 0 1 0 0]
 [0 0 0 0 0]]

[[1 0 0 1 0]
 [0 1 0 0 0]
 [0 0 1 0 0]
 [0 0 0 0 1]]

[[1 0 0 1 0]
 [0 1 0 0 0]
 [0 0 1 0 1]
 [0 0 0 0 0]]

[[1 0 0 1 0]
 [0 1 0 0 0]
 [0 0 1 1 0]
 [0 0 0 0 0]]

[[1 0 0 1 0]
 [0 1 0 0 0]
 [0 0 1 1 0]
 [0 0 0 0 1]]

[[1 0 0 1 0]
 [0 1 0 0 0]
 [0 0 1 1 1]
 [0 0 0 0 0]]

[[1 0 0 1 0]
 [0 1 0 0 1]
 [0 0 0 0 0]
 [0 0 0 0 0]]

[[1 0 0 1 0]
 [0 1 0 0 1]
 [0 0 1 0 0]
 [0 0 0 0 0]]

[[1 0 0 1 0]
 [0 1 0 0 1]
 [0 0 1 0 1]
 [0 0 0 0 0]]

[[1 0 0 1 0]
 [0 1 0 0 1]
 [0 0 1 1 0]
 [0 0 0 0 0]]

[[1 0 0 1 0]
 [0 1 0 0 1]
 [0 0 1 1 1]
 [0 0 0 0 0]]

[[1 0 0 1 0]
 [0 1 0 1 0]
 [0 0 0 0 0]
 [0 0 0 0 0]]

[[1 0 0 1 0]
 [0 1 0 1 0]
 [0 0 0 0 1]
 [0 0 0 0 0]]

[[1 0 0 1 0]
 [0 1 0 1 0]
 [0 0 1 0 0]
 [0 0 0 0 0]]

[[1 0 0 1 0]
 [0 1 0 1 0]
 [0 0 1 0 0]
 [0 0 0 0 1]]

[[1 0 0 1 0]
 [0 1 0 1 0]
 [0 0 1 0 1]
 [0 0 0 0 0]]

[[1 0 0 1 0]
 [0 1 0 1 0]
 [0 0 1 1 0]
 [0 0 0 0 0]]

[[1 0 0 1 0]
 [0 1 0 1 0]
 [0 0 1 1 0]
 [0 0 0 0 1]]

[[1 0 0 1 0]
 [0 1 0 1 0]
 [0 0 1 1 1]
 [0 0 0 0 0]]

[[1 0 0 1 0]
 [0 1 0 1 1]
 [0 0 0 0 0]
 [0 0 0 0 0]]

[[1 0 0 1 0]
 [0 1 0 1 1]
 [0 0 1 0 0]
 [0 0 0 0 0]]

[[1 0 0 1 0]
 [0 1 0 1 1]
 [0 0 1 0 1]
 [0 0 0 0 0]]

[[1 0 0 1 0]
 [0 1 0 1 1]
 [0 0 1 1 0]
 [0 0 0 0 0]]

[[1 0 0 1 0]
 [0 1 0 1 1]
 [0 0 1 1 1]
 [0 0 0 0 0]]

[[1 0 0 1 0]
 [0 1 1 0 0]
 [0 0 0 0 0]
 [0 0 0 0 0]]

[[1 0 0 1 0]
 [0 1 1 0 0]
 [0 0 0 0 1]
 [0 0 0 0 0]]

[[1 0 0 1 0]
 [0 1 1 0 1]
 [0 0 0 0 0]
 [0 0 0 0 0]]

[[1 0 0 1 0]
 [0 1 1 1 0]
 [0 0 0 0 0]
 [0 0 0 0 0]]

[[1 0 0 1 0]
 [0 1 1 1 0]
 [0 0 0 0 1]
 [0 0 0 0 0]]

[[1 0 0 1 0]
 [0 1 1 1 1]
 [0 0 0 0 0]
 [0 0 0 0 0]]

[[1 0 0 1 1]
 [0 0 0 0 0]
 [0 0 0 0 0]
 [0 0 0 0 0]]

[[1 0 0 1 1]
 [0 0 1 0 0]
 [0 0 0 0 0]
 [0 0 0 0 0]]

[[1 0 0 1 1]
 [0 0 1 0 1]
 [0 0 0 0 0]
 [0 0 0 0 0]]

[[1 0 0 1 1]
 [0 0 1 1 0]
 [0 0 0 0 0]
 [0 0 0 0 0]]

[[1 0 0 1 1]
 [0 0 1 1 1]
 [0 0 0 0 0]
 [0 0 0 0 0]]

[[1 0 0 1 1]
 [0 1 0 0 0]
 [0 0 0 0 0]
 [0 0 0 0 0]]

[[1 0 0 1 1]
 [0 1 0 0 0]
 [0 0 1 0 0]
 [0 0 0 0 0]]

[[1 0 0 1 1]
 [0 1 0 0 0]
 [0 0 1 0 1]
 [0 0 0 0 0]]

[[1 0 0 1 1]
 [0 1 0 0 0]
 [0 0 1 1 0]
 [0 0 0 0 0]]

[[1 0 0 1 1]
 [0 1 0 0 0]
 [0 0 1 1 1]
 [0 0 0 0 0]]

[[1 0 0 1 1]
 [0 1 0 0 1]
 [0 0 0 0 0]
 [0 0 0 0 0]]

[[1 0 0 1 1]
 [0 1 0 0 1]
 [0 0 1 0 0]
 [0 0 0 0 0]]

[[1 0 0 1 1]
 [0 1 0 0 1]
 [0 0 1 0 1]
 [0 0 0 0 0]]

[[1 0 0 1 1]
 [0 1 0 0 1]
 [0 0 1 1 0]
 [0 0 0 0 0]]

[[1 0 0 1 1]
 [0 1 0 0 1]
 [0 0 1 1 1]
 [0 0 0 0 0]]

[[1 0 0 1 1]
 [0 1 0 1 0]
 [0 0 0 0 0]
 [0 0 0 0 0]]

[[1 0 0 1 1]
 [0 1 0 1 0]
 [0 0 1 0 0]
 [0 0 0 0 0]]

[[1 0 0 1 1]
 [0 1 0 1 0]
 [0 0 1 0 1]
 [0 0 0 0 0]]

[[1 0 0 1 1]
 [0 1 0 1 0]
 [0 0 1 1 0]
 [0 0 0 0 0]]

[[1 0 0 1 1]
 [0 1 0 1 0]
 [0 0 1 1 1]
 [0 0 0 0 0]]

[[1 0 0 1 1]
 [0 1 0 1 1]
 [0 0 0 0 0]
 [0 0 0 0 0]]

[[1 0 0 1 1]
 [0 1 0 1 1]
 [0 0 1 0 0]
 [0 0 0 0 0]]

[[1 0 0 1 1]
 [0 1 0 1 1]
 [0 0 1 0 1]
 [0 0 0 0 0]]

[[1 0 0 1 1]
 [0 1 0 1 1]
 [0 0 1 1 0]
 [0 0 0 0 0]]

[[1 0 0 1 1]
 [0 1 0 1 1]
 [0 0 1 1 1]
 [0 0 0 0 0]]

[[1 0 0 1 1]
 [0 1 1 0 0]
 [0 0 0 0 0]
 [0 0 0 0 0]]

[[1 0 0 1 1]
 [0 1 1 0 1]
 [0 0 0 0 0]
 [0 0 0 0 0]]

[[1 0 0 1 1]
 [0 1 1 1 0]
 [0 0 0 0 0]
 [0 0 0 0 0]]

[[1 0 0 1 1]
 [0 1 1 1 1]
 [0 0 0 0 0]
 [0 0 0 0 0]]

[[1 0 1 0 0]
 [0 0 0 0 0]
 [0 0 0 0 0]
 [0 0 0 0 0]]

[[1 0 1 0 0]
 [0 0 0 0 1]
 [0 0 0 0 0]
 [0 0 0 0 0]]

[[1 0 1 0 0]
 [0 0 0 1 0]
 [0 0 0 0 0]
 [0 0 0 0 0]]

[[1 0 1 0 0]
 [0 0 0 1 0]
 [0 0 0 0 1]
 [0 0 0 0 0]]

[[1 0 1 0 0]
 [0 0 0 1 1]
 [0 0 0 0 0]
 [0 0 0 0 0]]

[[1 0 1 0 0]
 [0 1 0 0 0]
 [0 0 0 0 0]
 [0 0 0 0 0]]

[[1 0 1 0 0]
 [0 1 0 0 0]
 [0 0 0 0 1]
 [0 0 0 0 0]]

[[1 0 1 0 0]
 [0 1 0 0 0]
 [0 0 0 1 0]
 [0 0 0 0 0]]

[[1 0 1 0 0]
 [0 1 0 0 0]
 [0 0 0 1 0]
 [0 0 0 0 1]]

[[1 0 1 0 0]
 [0 1 0 0 0]
 [0 0 0 1 1]
 [0 0 0 0 0]]

[[1 0 1 0 0]
 [0 1 0 0 1]
 [0 0 0 0 0]
 [0 0 0 0 0]]

[[1 0 1 0 0]
 [0 1 0 0 1]
 [0 0 0 1 0]
 [0 0 0 0 0]]

[[1 0 1 0 0]
 [0 1 0 0 1]
 [0 0 0 1 1]
 [0 0 0 0 0]]

[[1 0 1 0 0]
 [0 1 0 1 0]
 [0 0 0 0 0]
 [0 0 0 0 0]]

[[1 0 1 0 0]
 [0 1 0 1 0]
 [0 0 0 0 1]
 [0 0 0 0 0]]

[[1 0 1 0 0]
 [0 1 0 1 1]
 [0 0 0 0 0]
 [0 0 0 0 0]]

[[1 0 1 0 0]
 [0 1 1 0 0]
 [0 0 0 0 0]
 [0 0 0 0 0]]

[[1 0 1 0 0]
 [0 1 1 0 0]
 [0 0 0 0 1]
 [0 0 0 0 0]]

[[1 0 1 0 0]
 [0 1 1 0 0]
 [0 0 0 1 0]
 [0 0 0 0 0]]

[[1 0 1 0 0]
 [0 1 1 0 0]
 [0 0 0 1 0]
 [0 0 0 0 1]]

[[1 0 1 0 0]
 [0 1 1 0 0]
 [0 0 0 1 1]
 [0 0 0 0 0]]

[[1 0 1 0 0]
 [0 1 1 0 1]
 [0 0 0 0 0]
 [0 0 0 0 0]]

[[1 0 1 0 0]
 [0 1 1 0 1]
 [0 0 0 1 0]
 [0 0 0 0 0]]

[[1 0 1 0 0]
 [0 1 1 0 1]
 [0 0 0 1 1]
 [0 0 0 0 0]]

[[1 0 1 0 0]
 [0 1 1 1 0]
 [0 0 0 0 0]
 [0 0 0 0 0]]

[[1 0 1 0 0]
 [0 1 1 1 0]
 [0 0 0 0 1]
 [0 0 0 0 0]]

[[1 0 1 0 0]
 [0 1 1 1 1]
 [0 0 0 0 0]
 [0 0 0 0 0]]

[[1 0 1 0 1]
 [0 0 0 0 0]
 [0 0 0 0 0]
 [0 0 0 0 0]]

[[1 0 1 0 1]
 [0 0 0 1 0]
 [0 0 0 0 0]
 [0 0 0 0 0]]

[[1 0 1 0 1]
 [0 0 0 1 1]
 [0 0 0 0 0]
 [0 0 0 0 0]]

[[1 0 1 0 1]
 [0 1 0 0 0]
 [0 0 0 0 0]
 [0 0 0 0 0]]

[[1 0 1 0 1]
 [0 1 0 0 0]
 [0 0 0 1 0]
 [0 0 0 0 0]]

[[1 0 1 0 1]
 [0 1 0 0 0]
 [0 0 0 1 1]
 [0 0 0 0 0]]

[[1 0 1 0 1]
 [0 1 0 0 1]
 [0 0 0 0 0]
 [0 0 0 0 0]]

[[1 0 1 0 1]
 [0 1 0 0 1]
 [0 0 0 1 0]
 [0 0 0 0 0]]

[[1 0 1 0 1]
 [0 1 0 0 1]
 [0 0 0 1 1]
 [0 0 0 0 0]]

[[1 0 1 0 1]
 [0 1 0 1 0]
 [0 0 0 0 0]
 [0 0 0 0 0]]

[[1 0 1 0 1]
 [0 1 0 1 1]
 [0 0 0 0 0]
 [0 0 0 0 0]]

[[1 0 1 0 1]
 [0 1 1 0 0]
 [0 0 0 0 0]
 [0 0 0 0 0]]

[[1 0 1 0 1]
 [0 1 1 0 0]
 [0 0 0 1 0]
 [0 0 0 0 0]]

[[1 0 1 0 1]
 [0 1 1 0 0]
 [0 0 0 1 1]
 [0 0 0 0 0]]

[[1 0 1 0 1]
 [0 1 1 0 1]
 [0 0 0 0 0]
 [0 0 0 0 0]]

[[1 0 1 0 1]
 [0 1 1 0 1]
 [0 0 0 1 0]
 [0 0 0 0 0]]

[[1 0 1 0 1]
 [0 1 1 0 1]
 [0 0 0 1 1]
 [0 0 0 0 0]]

[[1 0 1 0 1]
 [0 1 1 1 0]
 [0 0 0 0 0]
 [0 0 0 0 0]]

[[1 0 1 0 1]
 [0 1 1 1 1]
 [0 0 0 0 0]
 [0 0 0 0 0]]

[[1 0 1 1 0]
 [0 0 0 0 0]
 [0 0 0 0 0]
 [0 0 0 0 0]]

[[1 0 1 1 0]
 [0 0 0 0 1]
 [0 0 0 0 0]
 [0 0 0 0 0]]

[[1 0 1 1 0]
 [0 1 0 0 0]
 [0 0 0 0 0]
 [0 0 0 0 0]]

[[1 0 1 1 0]
 [0 1 0 0 0]
 [0 0 0 0 1]
 [0 0 0 0 0]]

[[1 0 1 1 0]
 [0 1 0 0 1]
 [0 0 0 0 0]
 [0 0 0 0 0]]

[[1 0 1 1 0]
 [0 1 0 1 0]
 [0 0 0 0 0]
 [0 0 0 0 0]]

[[1 0 1 1 0]
 [0 1 0 1 0]
 [0 0 0 0 1]
 [0 0 0 0 0]]

[[1 0 1 1 0]
 [0 1 0 1 1]
 [0 0 0 0 0]
 [0 0 0 0 0]]

[[1 0 1 1 0]
 [0 1 1 0 0]
 [0 0 0 0 0]
 [0 0 0 0 0]]

[[1 0 1 1 0]
 [0 1 1 0 0]
 [0 0 0 0 1]
 [0 0 0 0 0]]

[[1 0 1 1 0]
 [0 1 1 0 1]
 [0 0 0 0 0]
 [0 0 0 0 0]]

[[1 0 1 1 0]
 [0 1 1 1 0]
 [0 0 0 0 0]
 [0 0 0 0 0]]

[[1 0 1 1 0]
 [0 1 1 1 0]
 [0 0 0 0 1]
 [0 0 0 0 0]]

[[1 0 1 1 0]
 [0 1 1 1 1]
 [0 0 0 0 0]
 [0 0 0 0 0]]

[[1 0 1 1 1]
 [0 0 0 0 0]
 [0 0 0 0 0]
 [0 0 0 0 0]]

[[1 0 1 1 1]
 [0 1 0 0 0]
 [0 0 0 0 0]
 [0 0 0 0 0]]

[[1 0 1 1 1]
 [0 1 0 0 1]
 [0 0 0 0 0]
 [0 0 0 0 0]]

[[1 0 1 1 1]
 [0 1 0 1 0]
 [0 0 0 0 0]
 [0 0 0 0 0]]

[[1 0 1 1 1]
 [0 1 0 1 1]
 [0 0 0 0 0]
 [0 0 0 0 0]]

[[1 0 1 1 1]
 [0 1 1 0 0]
 [0 0 0 0 0]
 [0 0 0 0 0]]

[[1 0 1 1 1]
 [0 1 1 0 1]
 [0 0 0 0 0]
 [0 0 0 0 0]]

[[1 0 1 1 1]
 [0 1 1 1 0]
 [0 0 0 0 0]
 [0 0 0 0 0]]

[[1 0 1 1 1]
 [0 1 1 1 1]
 [0 0 0 0 0]
 [0 0 0 0 0]]

[[1 1 0 0 0]
 [0 0 0 0 0]
 [0 0 0 0 0]
 [0 0 0 0 0]]

[[1 1 0 0 0]
 [0 0 0 0 1]
 [0 0 0 0 0]
 [0 0 0 0 0]]

[[1 1 0 0 0]
 [0 0 0 1 0]
 [0 0 0 0 0]
 [0 0 0 0 0]]

[[1 1 0 0 0]
 [0 0 0 1 0]
 [0 0 0 0 1]
 [0 0 0 0 0]]

[[1 1 0 0 0]
 [0 0 0 1 1]
 [0 0 0 0 0]
 [0 0 0 0 0]]

[[1 1 0 0 0]
 [0 0 1 0 0]
 [0 0 0 0 0]
 [0 0 0 0 0]]

[[1 1 0 0 0]
 [0 0 1 0 0]
 [0 0 0 0 1]
 [0 0 0 0 0]]

[[1 1 0 0 0]
 [0 0 1 0 0]
 [0 0 0 1 0]
 [0 0 0 0 0]]

[[1 1 0 0 0]
 [0 0 1 0 0]
 [0 0 0 1 0]
 [0 0 0 0 1]]

[[1 1 0 0 0]
 [0 0 1 0 0]
 [0 0 0 1 1]
 [0 0 0 0 0]]

[[1 1 0 0 0]
 [0 0 1 0 1]
 [0 0 0 0 0]
 [0 0 0 0 0]]

[[1 1 0 0 0]
 [0 0 1 0 1]
 [0 0 0 1 0]
 [0 0 0 0 0]]

[[1 1 0 0 0]
 [0 0 1 0 1]
 [0 0 0 1 1]
 [0 0 0 0 0]]

[[1 1 0 0 0]
 [0 0 1 1 0]
 [0 0 0 0 0]
 [0 0 0 0 0]]

[[1 1 0 0 0]
 [0 0 1 1 0]
 [0 0 0 0 1]
 [0 0 0 0 0]]

[[1 1 0 0 0]
 [0 0 1 1 1]
 [0 0 0 0 0]
 [0 0 0 0 0]]

[[1 1 0 0 1]
 [0 0 0 0 0]
 [0 0 0 0 0]
 [0 0 0 0 0]]

[[1 1 0 0 1]
 [0 0 0 1 0]
 [0 0 0 0 0]
 [0 0 0 0 0]]

[[1 1 0 0 1]
 [0 0 0 1 1]
 [0 0 0 0 0]
 [0 0 0 0 0]]

[[1 1 0 0 1]
 [0 0 1 0 0]
 [0 0 0 0 0]
 [0 0 0 0 0]]

[[1 1 0 0 1]
 [0 0 1 0 0]
 [0 0 0 1 0]
 [0 0 0 0 0]]

[[1 1 0 0 1]
 [0 0 1 0 0]
 [0 0 0 1 1]
 [0 0 0 0 0]]

[[1 1 0 0 1]
 [0 0 1 0 1]
 [0 0 0 0 0]
 [0 0 0 0 0]]

[[1 1 0 0 1]
 [0 0 1 0 1]
 [0 0 0 1 0]
 [0 0 0 0 0]]

[[1 1 0 0 1]
 [0 0 1 0 1]
 [0 0 0 1 1]
 [0 0 0 0 0]]

[[1 1 0 0 1]
 [0 0 1 1 0]
 [0 0 0 0 0]
 [0 0 0 0 0]]

[[1 1 0 0 1]
 [0 0 1 1 1]
 [0 0 0 0 0]
 [0 0 0 0 0]]

[[1 1 0 1 0]
 [0 0 0 0 0]
 [0 0 0 0 0]
 [0 0 0 0 0]]

[[1 1 0 1 0]
 [0 0 0 0 1]
 [0 0 0 0 0]
 [0 0 0 0 0]]

[[1 1 0 1 0]
 [0 0 1 0 0]
 [0 0 0 0 0]
 [0 0 0 0 0]]

[[1 1 0 1 0]
 [0 0 1 0 0]
 [0 0 0 0 1]
 [0 0 0 0 0]]

[[1 1 0 1 0]
 [0 0 1 0 1]
 [0 0 0 0 0]
 [0 0 0 0 0]]

[[1 1 0 1 0]
 [0 0 1 1 0]
 [0 0 0 0 0]
 [0 0 0 0 0]]

[[1 1 0 1 0]
 [0 0 1 1 0]
 [0 0 0 0 1]
 [0 0 0 0 0]]

[[1 1 0 1 0]
 [0 0 1 1 1]
 [0 0 0 0 0]
 [0 0 0 0 0]]

[[1 1 0 1 1]
 [0 0 0 0 0]
 [0 0 0 0 0]
 [0 0 0 0 0]]

[[1 1 0 1 1]
 [0 0 1 0 0]
 [0 0 0 0 0]
 [0 0 0 0 0]]

[[1 1 0 1 1]
 [0 0 1 0 1]
 [0 0 0 0 0]
 [0 0 0 0 0]]

[[1 1 0 1 1]
 [0 0 1 1 0]
 [0 0 0 0 0]
 [0 0 0 0 0]]

[[1 1 0 1 1]
 [0 0 1 1 1]
 [0 0 0 0 0]
 [0 0 0 0 0]]

[[1 1 1 0 0]
 [0 0 0 0 0]
 [0 0 0 0 0]
 [0 0 0 0 0]]

[[1 1 1 0 0]
 [0 0 0 0 1]
 [0 0 0 0 0]
 [0 0 0 0 0]]

[[1 1 1 0 0]
 [0 0 0 1 0]
 [0 0 0 0 0]
 [0 0 0 0 0]]

[[1 1 1 0 0]
 [0 0 0 1 0]
 [0 0 0 0 1]
 [0 0 0 0 0]]

[[1 1 1 0 0]
 [0 0 0 1 1]
 [0 0 0 0 0]
 [0 0 0 0 0]]

[[1 1 1 0 1]
 [0 0 0 0 0]
 [0 0 0 0 0]
 [0 0 0 0 0]]

[[1 1 1 0 1]
 [0 0 0 1 0]
 [0 0 0 0 0]
 [0 0 0 0 0]]

[[1 1 1 0 1]
 [0 0 0 1 1]
 [0 0 0 0 0]
 [0 0 0 0 0]]

[[1 1 1 1 0]
 [0 0 0 0 0]
 [0 0 0 0 0]
 [0 0 0 0 0]]

[[1 1 1 1 0]
 [0 0 0 0 1]
 [0 0 0 0 0]
 [0 0 0 0 0]]

[[1 1 1 1 1]
 [0 0 0 0 0]
 [0 0 0 0 0]
 [0 0 0 0 0]]

